[Pos_info]
B0 10 10 59 59
B1 70 10 59 59
B2 130 10 59 59
B3 190 10  59 59
B4 10 70 59 59
B5 70 70 59 59
B6 130 70 59 59
B7 190 70 59 59
B8 10 130 59 59
B9 70 130 59 59
B10 130 130 59 59
B11 190 130 59 59
B12 10 190 59 59
B13 70 190 59 59
B14 130 190 59 59
B15 190 190 59 59
G0 258 10 59 59
G1 318 10 59 59
G2 378 10 59 59
G3 438 10  59 59
G4 258 70 59 59
G5 318 70 59 59
G6 378 70 59 59
G7 438 70 59 59
G8 258 130 59 59
G9 318 130 59 59
G10 378 130 59 59
G11 438 130 59 59
G12 258 190 59 59
G13 318 190 59 59
G14 378 190 59 59
G15 438 190 59 59
0 10 961 63 63
50 10 1036 80 68
100 10 1115 98 89
300 10 1213 115 100 