[Song_info]
FullPath	../../data/EBA/Sound/Sing_Street.mp3
BPM	170
TimeSignature	4
Offset	0.0f

// Beat_index , Note_type , Pos.x , Pos.y ( maximum 9 x 9 )
[Note_info]
1 B0 4 4
2 B1 4 4
3 B2 4 4
4 B3 4 4
1 B4 4 4
2 B5 4 4
3 B6 4 4
4 B7 4 4
1 B8 4 4
2 B9 4 4
3 B10 4 4
4 B11 4 4
1 B12 4 4
2 B13 4 4
3 B14 4 4
4 B15 4 4
1 G0 4 4
2 G1 4 4
3 G2 4 4
4 G3 4 4
1 G4 4 4
2 G5 4 4
3 G6 4 4
4 G7 4 4
1 G8 4 4
2 G9 4 4
3 G10 4 4
4 G11 4 4
1 G12 4 4
2 G13 4 4
3 G14 4 4
4 G15 4 4
1 R0 4 4
2 R1 4 4
3 R2 4 4
4 R3 4 4
1 R4 4 4
2 R5 4 4
3 R6 4 4
4 R7 4 4
1 R8 4 4
2 R9 4 4
3 R10 4 4
4 R11 4 4
1 R12 4 4
2 R13 4 4
3 R14 4 4
4 R15 4 4
1 Y0 4 4
2 Y1 4 4
3 Y2 4 4
4 Y3 4 4
1 Y4 4 4
2 Y5 4 4
3 Y6 4 4
4 Y7 4 4
1 Y8 4 4
2 Y9 4 4
3 Y10 4 4
4 Y11 4 4
1 Y12 4 4
2 Y13 4 4
3 Y14 4 4
4 Y15 4 4
1 G0 7 5
2 G1 8 5
3 G2 7 7
4 G3 8 7
1 G4 7 5
2 G5 8 5
3 G6 7 7
4 G7 8 7
1 G8 9 7
2 G9 5 9
3 G10 1 9
4 G11 2 9
1 G12 1 1
2 G13 2 1
3 G14 3 1
4 G15 4 1
1 R0 5 1
2 R1 6 1
3 R2 7 3
4 R3 8 3
1 R4 5 1
2 R5 6 1
3 R6 7 3
1 G0 7 5
2 G1 8 5
3 G2 7 7
4 G3 8 7
1 G4 7 5
2 G5 8 5
3 G6 7 7
4 G7 8 7
1 G8 9 7
2 G9 5 9
3 G10 1 9
4 G11 2 9
1 G12 1 1
2 G13 2 1
3 G14 3 1
4 G15 4 1
1 R0 5 1
2 R1 6 1
3 R2 7 3
4 R3 8 3
1 R4 5 1
2 R5 6 1
3 R6 7 3